{
 "cells": [
  {
   "cell_type": "markdown",
   "metadata": {},
   "source": [
    "### DENGUE AI : Predicting Disease Spread By www.drivendata.org \n",
    "\n",
    "I chose this dataset to answer few questions:\n",
    "\n",
    "1) Normally reported number of cases\n",
    "\n",
    "2) Optimal conditions i.e temperature and NDVI scale value for dengue spread\n",
    "\n",
    "3) At what time of year this is most common\n",
    "\n",
    "4) How standard variables are related to those measured by satellites and those measured locally?\n"
   ]
  },
  {
   "cell_type": "code",
   "execution_count": 1,
   "metadata": {},
   "outputs": [
    {
     "data": {
      "text/html": [
       "        <script type=\"text/javascript\">\n",
       "        window.PlotlyConfig = {MathJaxConfig: 'local'};\n",
       "        if (window.MathJax) {MathJax.Hub.Config({SVG: {font: \"STIX-Web\"}});}\n",
       "        if (typeof require !== 'undefined') {\n",
       "        require.undef(\"plotly\");\n",
       "        requirejs.config({\n",
       "            paths: {\n",
       "                'plotly': ['https://cdn.plot.ly/plotly-latest.min']\n",
       "            }\n",
       "        });\n",
       "        require(['plotly'], function(Plotly) {\n",
       "            window._Plotly = Plotly;\n",
       "        });\n",
       "        }\n",
       "        </script>\n",
       "        "
      ]
     },
     "metadata": {},
     "output_type": "display_data"
    },
    {
     "data": {
      "text/html": [
       "        <script type=\"text/javascript\">\n",
       "        window.PlotlyConfig = {MathJaxConfig: 'local'};\n",
       "        if (window.MathJax) {MathJax.Hub.Config({SVG: {font: \"STIX-Web\"}});}\n",
       "        if (typeof require !== 'undefined') {\n",
       "        require.undef(\"plotly\");\n",
       "        requirejs.config({\n",
       "            paths: {\n",
       "                'plotly': ['https://cdn.plot.ly/plotly-latest.min']\n",
       "            }\n",
       "        });\n",
       "        require(['plotly'], function(Plotly) {\n",
       "            window._Plotly = Plotly;\n",
       "        });\n",
       "        }\n",
       "        </script>\n",
       "        "
      ]
     },
     "metadata": {},
     "output_type": "display_data"
    }
   ],
   "source": [
    "import numpy as np\n",
    "import pandas as pd\n",
    "# Standard plotly imports\n",
    "import chart_studio.plotly as py\n",
    "import plotly.graph_objs as go\n",
    "from plotly.offline import iplot, init_notebook_mode\n",
    "import plotly.figure_factory as ff\n",
    "# Using plotly + cufflinks in offline mode\n",
    "import cufflinks\n",
    "cufflinks.go_offline(connected=True)\n",
    "init_notebook_mode(connected=True)"
   ]
  },
  {
   "cell_type": "code",
   "execution_count": 2,
   "metadata": {},
   "outputs": [
    {
     "name": "stdout",
     "output_type": "stream",
     "text": [
      "Files in 'C:\\Users\\ACER M5\\Dengue Project Data': ['.ipynb_checkpoints', 'Dengue_Data_Model.ipynb', 'dengue_features_test.csv', 'dengue_features_train.csv', 'dengue_labels_train.csv', 'logs', 'submission_1.csv', 'submission_2.csv', 'submission_format.csv']\n"
     ]
    }
   ],
   "source": [
    "import os\n",
    "\n",
    "cwd = os.getcwd()  # Get the current working directory (cwd)\n",
    "files = os.listdir(cwd)  # Get all the files in that directory\n",
    "print(\"Files in '%s': %s\" % (cwd, files))"
   ]
  },
  {
   "cell_type": "code",
   "execution_count": 3,
   "metadata": {},
   "outputs": [],
   "source": [
    "raw_data_input=pd.read_csv('dengue_features_train.csv')"
   ]
  },
  {
   "cell_type": "code",
   "execution_count": 4,
   "metadata": {},
   "outputs": [
    {
     "data": {
      "text/html": [
       "<div>\n",
       "<style scoped>\n",
       "    .dataframe tbody tr th:only-of-type {\n",
       "        vertical-align: middle;\n",
       "    }\n",
       "\n",
       "    .dataframe tbody tr th {\n",
       "        vertical-align: top;\n",
       "    }\n",
       "\n",
       "    .dataframe thead th {\n",
       "        text-align: right;\n",
       "    }\n",
       "</style>\n",
       "<table border=\"1\" class=\"dataframe\">\n",
       "  <thead>\n",
       "    <tr style=\"text-align: right;\">\n",
       "      <th></th>\n",
       "      <th>city</th>\n",
       "      <th>year</th>\n",
       "      <th>weekofyear</th>\n",
       "      <th>week_start_date</th>\n",
       "      <th>ndvi_ne</th>\n",
       "      <th>ndvi_nw</th>\n",
       "      <th>ndvi_se</th>\n",
       "      <th>ndvi_sw</th>\n",
       "      <th>precipitation_amt_mm</th>\n",
       "      <th>reanalysis_air_temp_k</th>\n",
       "      <th>...</th>\n",
       "      <th>reanalysis_precip_amt_kg_per_m2</th>\n",
       "      <th>reanalysis_relative_humidity_percent</th>\n",
       "      <th>reanalysis_sat_precip_amt_mm</th>\n",
       "      <th>reanalysis_specific_humidity_g_per_kg</th>\n",
       "      <th>reanalysis_tdtr_k</th>\n",
       "      <th>station_avg_temp_c</th>\n",
       "      <th>station_diur_temp_rng_c</th>\n",
       "      <th>station_max_temp_c</th>\n",
       "      <th>station_min_temp_c</th>\n",
       "      <th>station_precip_mm</th>\n",
       "    </tr>\n",
       "  </thead>\n",
       "  <tbody>\n",
       "    <tr>\n",
       "      <th>0</th>\n",
       "      <td>sj</td>\n",
       "      <td>1990</td>\n",
       "      <td>18</td>\n",
       "      <td>1990-04-30</td>\n",
       "      <td>0.122600</td>\n",
       "      <td>0.103725</td>\n",
       "      <td>0.198483</td>\n",
       "      <td>0.177617</td>\n",
       "      <td>12.42</td>\n",
       "      <td>297.572857</td>\n",
       "      <td>...</td>\n",
       "      <td>32.00</td>\n",
       "      <td>73.365714</td>\n",
       "      <td>12.42</td>\n",
       "      <td>14.012857</td>\n",
       "      <td>2.628571</td>\n",
       "      <td>25.442857</td>\n",
       "      <td>6.900000</td>\n",
       "      <td>29.4</td>\n",
       "      <td>20.0</td>\n",
       "      <td>16.0</td>\n",
       "    </tr>\n",
       "    <tr>\n",
       "      <th>1</th>\n",
       "      <td>sj</td>\n",
       "      <td>1990</td>\n",
       "      <td>19</td>\n",
       "      <td>1990-05-07</td>\n",
       "      <td>0.169900</td>\n",
       "      <td>0.142175</td>\n",
       "      <td>0.162357</td>\n",
       "      <td>0.155486</td>\n",
       "      <td>22.82</td>\n",
       "      <td>298.211429</td>\n",
       "      <td>...</td>\n",
       "      <td>17.94</td>\n",
       "      <td>77.368571</td>\n",
       "      <td>22.82</td>\n",
       "      <td>15.372857</td>\n",
       "      <td>2.371429</td>\n",
       "      <td>26.714286</td>\n",
       "      <td>6.371429</td>\n",
       "      <td>31.7</td>\n",
       "      <td>22.2</td>\n",
       "      <td>8.6</td>\n",
       "    </tr>\n",
       "    <tr>\n",
       "      <th>2</th>\n",
       "      <td>sj</td>\n",
       "      <td>1990</td>\n",
       "      <td>20</td>\n",
       "      <td>1990-05-14</td>\n",
       "      <td>0.032250</td>\n",
       "      <td>0.172967</td>\n",
       "      <td>0.157200</td>\n",
       "      <td>0.170843</td>\n",
       "      <td>34.54</td>\n",
       "      <td>298.781429</td>\n",
       "      <td>...</td>\n",
       "      <td>26.10</td>\n",
       "      <td>82.052857</td>\n",
       "      <td>34.54</td>\n",
       "      <td>16.848571</td>\n",
       "      <td>2.300000</td>\n",
       "      <td>26.714286</td>\n",
       "      <td>6.485714</td>\n",
       "      <td>32.2</td>\n",
       "      <td>22.8</td>\n",
       "      <td>41.4</td>\n",
       "    </tr>\n",
       "    <tr>\n",
       "      <th>3</th>\n",
       "      <td>sj</td>\n",
       "      <td>1990</td>\n",
       "      <td>21</td>\n",
       "      <td>1990-05-21</td>\n",
       "      <td>0.128633</td>\n",
       "      <td>0.245067</td>\n",
       "      <td>0.227557</td>\n",
       "      <td>0.235886</td>\n",
       "      <td>15.36</td>\n",
       "      <td>298.987143</td>\n",
       "      <td>...</td>\n",
       "      <td>13.90</td>\n",
       "      <td>80.337143</td>\n",
       "      <td>15.36</td>\n",
       "      <td>16.672857</td>\n",
       "      <td>2.428571</td>\n",
       "      <td>27.471429</td>\n",
       "      <td>6.771429</td>\n",
       "      <td>33.3</td>\n",
       "      <td>23.3</td>\n",
       "      <td>4.0</td>\n",
       "    </tr>\n",
       "    <tr>\n",
       "      <th>4</th>\n",
       "      <td>sj</td>\n",
       "      <td>1990</td>\n",
       "      <td>22</td>\n",
       "      <td>1990-05-28</td>\n",
       "      <td>0.196200</td>\n",
       "      <td>0.262200</td>\n",
       "      <td>0.251200</td>\n",
       "      <td>0.247340</td>\n",
       "      <td>7.52</td>\n",
       "      <td>299.518571</td>\n",
       "      <td>...</td>\n",
       "      <td>12.20</td>\n",
       "      <td>80.460000</td>\n",
       "      <td>7.52</td>\n",
       "      <td>17.210000</td>\n",
       "      <td>3.014286</td>\n",
       "      <td>28.942857</td>\n",
       "      <td>9.371429</td>\n",
       "      <td>35.0</td>\n",
       "      <td>23.9</td>\n",
       "      <td>5.8</td>\n",
       "    </tr>\n",
       "  </tbody>\n",
       "</table>\n",
       "<p>5 rows × 24 columns</p>\n",
       "</div>"
      ],
      "text/plain": [
       "  city  year  weekofyear week_start_date   ndvi_ne   ndvi_nw   ndvi_se  \\\n",
       "0   sj  1990          18      1990-04-30  0.122600  0.103725  0.198483   \n",
       "1   sj  1990          19      1990-05-07  0.169900  0.142175  0.162357   \n",
       "2   sj  1990          20      1990-05-14  0.032250  0.172967  0.157200   \n",
       "3   sj  1990          21      1990-05-21  0.128633  0.245067  0.227557   \n",
       "4   sj  1990          22      1990-05-28  0.196200  0.262200  0.251200   \n",
       "\n",
       "    ndvi_sw  precipitation_amt_mm  reanalysis_air_temp_k  ...  \\\n",
       "0  0.177617                 12.42             297.572857  ...   \n",
       "1  0.155486                 22.82             298.211429  ...   \n",
       "2  0.170843                 34.54             298.781429  ...   \n",
       "3  0.235886                 15.36             298.987143  ...   \n",
       "4  0.247340                  7.52             299.518571  ...   \n",
       "\n",
       "   reanalysis_precip_amt_kg_per_m2  reanalysis_relative_humidity_percent  \\\n",
       "0                            32.00                             73.365714   \n",
       "1                            17.94                             77.368571   \n",
       "2                            26.10                             82.052857   \n",
       "3                            13.90                             80.337143   \n",
       "4                            12.20                             80.460000   \n",
       "\n",
       "   reanalysis_sat_precip_amt_mm  reanalysis_specific_humidity_g_per_kg  \\\n",
       "0                         12.42                              14.012857   \n",
       "1                         22.82                              15.372857   \n",
       "2                         34.54                              16.848571   \n",
       "3                         15.36                              16.672857   \n",
       "4                          7.52                              17.210000   \n",
       "\n",
       "   reanalysis_tdtr_k  station_avg_temp_c  station_diur_temp_rng_c  \\\n",
       "0           2.628571           25.442857                 6.900000   \n",
       "1           2.371429           26.714286                 6.371429   \n",
       "2           2.300000           26.714286                 6.485714   \n",
       "3           2.428571           27.471429                 6.771429   \n",
       "4           3.014286           28.942857                 9.371429   \n",
       "\n",
       "   station_max_temp_c  station_min_temp_c  station_precip_mm  \n",
       "0                29.4                20.0               16.0  \n",
       "1                31.7                22.2                8.6  \n",
       "2                32.2                22.8               41.4  \n",
       "3                33.3                23.3                4.0  \n",
       "4                35.0                23.9                5.8  \n",
       "\n",
       "[5 rows x 24 columns]"
      ]
     },
     "execution_count": 4,
     "metadata": {},
     "output_type": "execute_result"
    }
   ],
   "source": [
    "raw_data_input.head()"
   ]
  },
  {
   "cell_type": "code",
   "execution_count": 5,
   "metadata": {},
   "outputs": [
    {
     "data": {
      "text/plain": [
       "Index(['city', 'year', 'weekofyear', 'week_start_date', 'ndvi_ne', 'ndvi_nw',\n",
       "       'ndvi_se', 'ndvi_sw', 'precipitation_amt_mm', 'reanalysis_air_temp_k',\n",
       "       'reanalysis_avg_temp_k', 'reanalysis_dew_point_temp_k',\n",
       "       'reanalysis_max_air_temp_k', 'reanalysis_min_air_temp_k',\n",
       "       'reanalysis_precip_amt_kg_per_m2',\n",
       "       'reanalysis_relative_humidity_percent', 'reanalysis_sat_precip_amt_mm',\n",
       "       'reanalysis_specific_humidity_g_per_kg', 'reanalysis_tdtr_k',\n",
       "       'station_avg_temp_c', 'station_diur_temp_rng_c', 'station_max_temp_c',\n",
       "       'station_min_temp_c', 'station_precip_mm'],\n",
       "      dtype='object')"
      ]
     },
     "execution_count": 5,
     "metadata": {},
     "output_type": "execute_result"
    }
   ],
   "source": [
    "raw_data_input.columns"
   ]
  },
  {
   "cell_type": "code",
   "execution_count": 6,
   "metadata": {},
   "outputs": [],
   "source": [
    "raw_data_targets=pd.read_csv('dengue_labels_train.csv')"
   ]
  },
  {
   "cell_type": "code",
   "execution_count": 7,
   "metadata": {},
   "outputs": [
    {
     "data": {
      "text/html": [
       "<div>\n",
       "<style scoped>\n",
       "    .dataframe tbody tr th:only-of-type {\n",
       "        vertical-align: middle;\n",
       "    }\n",
       "\n",
       "    .dataframe tbody tr th {\n",
       "        vertical-align: top;\n",
       "    }\n",
       "\n",
       "    .dataframe thead th {\n",
       "        text-align: right;\n",
       "    }\n",
       "</style>\n",
       "<table border=\"1\" class=\"dataframe\">\n",
       "  <thead>\n",
       "    <tr style=\"text-align: right;\">\n",
       "      <th></th>\n",
       "      <th>city</th>\n",
       "      <th>year</th>\n",
       "      <th>weekofyear</th>\n",
       "      <th>total_cases</th>\n",
       "    </tr>\n",
       "  </thead>\n",
       "  <tbody>\n",
       "    <tr>\n",
       "      <th>0</th>\n",
       "      <td>sj</td>\n",
       "      <td>1990</td>\n",
       "      <td>18</td>\n",
       "      <td>4</td>\n",
       "    </tr>\n",
       "    <tr>\n",
       "      <th>1</th>\n",
       "      <td>sj</td>\n",
       "      <td>1990</td>\n",
       "      <td>19</td>\n",
       "      <td>5</td>\n",
       "    </tr>\n",
       "    <tr>\n",
       "      <th>2</th>\n",
       "      <td>sj</td>\n",
       "      <td>1990</td>\n",
       "      <td>20</td>\n",
       "      <td>4</td>\n",
       "    </tr>\n",
       "    <tr>\n",
       "      <th>3</th>\n",
       "      <td>sj</td>\n",
       "      <td>1990</td>\n",
       "      <td>21</td>\n",
       "      <td>3</td>\n",
       "    </tr>\n",
       "    <tr>\n",
       "      <th>4</th>\n",
       "      <td>sj</td>\n",
       "      <td>1990</td>\n",
       "      <td>22</td>\n",
       "      <td>6</td>\n",
       "    </tr>\n",
       "  </tbody>\n",
       "</table>\n",
       "</div>"
      ],
      "text/plain": [
       "  city  year  weekofyear  total_cases\n",
       "0   sj  1990          18            4\n",
       "1   sj  1990          19            5\n",
       "2   sj  1990          20            4\n",
       "3   sj  1990          21            3\n",
       "4   sj  1990          22            6"
      ]
     },
     "execution_count": 7,
     "metadata": {},
     "output_type": "execute_result"
    }
   ],
   "source": [
    "raw_data_targets.head()"
   ]
  },
  {
   "cell_type": "code",
   "execution_count": 8,
   "metadata": {},
   "outputs": [
    {
     "name": "stdout",
     "output_type": "stream",
     "text": [
      "<class 'pandas.core.frame.DataFrame'>\n",
      "RangeIndex: 1456 entries, 0 to 1455\n",
      "Data columns (total 24 columns):\n",
      "city                                     1456 non-null object\n",
      "year                                     1456 non-null int64\n",
      "weekofyear                               1456 non-null int64\n",
      "week_start_date                          1456 non-null object\n",
      "ndvi_ne                                  1262 non-null float64\n",
      "ndvi_nw                                  1404 non-null float64\n",
      "ndvi_se                                  1434 non-null float64\n",
      "ndvi_sw                                  1434 non-null float64\n",
      "precipitation_amt_mm                     1443 non-null float64\n",
      "reanalysis_air_temp_k                    1446 non-null float64\n",
      "reanalysis_avg_temp_k                    1446 non-null float64\n",
      "reanalysis_dew_point_temp_k              1446 non-null float64\n",
      "reanalysis_max_air_temp_k                1446 non-null float64\n",
      "reanalysis_min_air_temp_k                1446 non-null float64\n",
      "reanalysis_precip_amt_kg_per_m2          1446 non-null float64\n",
      "reanalysis_relative_humidity_percent     1446 non-null float64\n",
      "reanalysis_sat_precip_amt_mm             1443 non-null float64\n",
      "reanalysis_specific_humidity_g_per_kg    1446 non-null float64\n",
      "reanalysis_tdtr_k                        1446 non-null float64\n",
      "station_avg_temp_c                       1413 non-null float64\n",
      "station_diur_temp_rng_c                  1413 non-null float64\n",
      "station_max_temp_c                       1436 non-null float64\n",
      "station_min_temp_c                       1442 non-null float64\n",
      "station_precip_mm                        1434 non-null float64\n",
      "dtypes: float64(20), int64(2), object(2)\n",
      "memory usage: 273.1+ KB\n"
     ]
    }
   ],
   "source": [
    "raw_data_input.info()"
   ]
  },
  {
   "cell_type": "code",
   "execution_count": 9,
   "metadata": {},
   "outputs": [],
   "source": [
    "columns=raw_data_input.describe().columns\n",
    "for c in columns:\n",
    "    raw_data_input[c].fillna(raw_data_input[c].median(),inplace=True)"
   ]
  },
  {
   "cell_type": "code",
   "execution_count": 10,
   "metadata": {},
   "outputs": [],
   "source": [
    "raw_data_input['total_cases']=raw_data_targets['total_cases']\n",
    "raw_data=raw_data_input"
   ]
  },
  {
   "cell_type": "code",
   "execution_count": 11,
   "metadata": {},
   "outputs": [
    {
     "data": {
      "text/plain": [
       "year                                    -0.306806\n",
       "reanalysis_tdtr_k                       -0.277997\n",
       "station_diur_temp_rng_c                 -0.233778\n",
       "reanalysis_max_air_temp_k               -0.191131\n",
       "ndvi_ne                                 -0.164899\n",
       "ndvi_sw                                 -0.147349\n",
       "ndvi_nw                                 -0.142665\n",
       "reanalysis_relative_humidity_percent    -0.132336\n",
       "ndvi_se                                 -0.124698\n",
       "station_precip_mm                       -0.073159\n",
       "station_max_temp_c                      -0.039317\n",
       "precipitation_amt_mm                    -0.038902\n",
       "reanalysis_sat_precip_amt_mm            -0.038902\n",
       "reanalysis_precip_amt_kg_per_m2         -0.010137\n",
       "station_avg_temp_c                       0.114268\n",
       "reanalysis_specific_humidity_g_per_kg    0.129741\n",
       "reanalysis_dew_point_temp_k              0.142397\n",
       "reanalysis_avg_temp_k                    0.151435\n",
       "weekofyear                               0.216452\n",
       "reanalysis_air_temp_k                    0.264546\n",
       "station_min_temp_c                       0.266265\n",
       "reanalysis_min_air_temp_k                0.324815\n",
       "total_cases                              1.000000\n",
       "Name: total_cases, dtype: float64"
      ]
     },
     "execution_count": 11,
     "metadata": {},
     "output_type": "execute_result"
    }
   ],
   "source": [
    "corr_matrix=raw_data.corr()\n",
    "corr_matrix['total_cases'].sort_values()"
   ]
  },
  {
   "cell_type": "code",
   "execution_count": 12,
   "metadata": {},
   "outputs": [
    {
     "data": {
      "application/vnd.plotly.v1+json": {
       "config": {
        "linkText": "Export to plot.ly",
        "plotlyServerURL": "https://plot.ly",
        "showLink": true
       },
       "data": [
        {
         "colorscale": [
          [
           0,
           "rgb(158,1,66)"
          ],
          [
           0.1,
           "rgb(213,62,79)"
          ],
          [
           0.2,
           "rgb(244,109,67)"
          ],
          [
           0.3,
           "rgb(253,174,97)"
          ],
          [
           0.4,
           "rgb(254,224,139)"
          ],
          [
           0.5,
           "rgb(255,255,191)"
          ],
          [
           0.6,
           "rgb(230,245,152)"
          ],
          [
           0.7,
           "rgb(171,221,164)"
          ],
          [
           0.8,
           "rgb(102,194,165)"
          ],
          [
           0.9,
           "rgb(50,136,189)"
          ],
          [
           1,
           "rgb(94,79,162)"
          ]
         ],
         "type": "heatmap",
         "uid": "3c571db7-b028-4e1b-b915-e925a6a542e7",
         "x": [
          "year",
          "weekofyear",
          "ndvi_ne",
          "ndvi_nw",
          "ndvi_se",
          "ndvi_sw",
          "precipitation_amt_mm",
          "reanalysis_air_temp_k",
          "reanalysis_avg_temp_k",
          "reanalysis_dew_point_temp_k",
          "reanalysis_max_air_temp_k",
          "reanalysis_min_air_temp_k",
          "reanalysis_precip_amt_kg_per_m2",
          "reanalysis_relative_humidity_percent",
          "reanalysis_sat_precip_amt_mm",
          "reanalysis_specific_humidity_g_per_kg",
          "reanalysis_tdtr_k",
          "station_avg_temp_c",
          "station_diur_temp_rng_c",
          "station_max_temp_c",
          "station_min_temp_c",
          "station_precip_mm",
          "total_cases"
         ],
         "y": [
          "year",
          "weekofyear",
          "ndvi_ne",
          "ndvi_nw",
          "ndvi_se",
          "ndvi_sw",
          "precipitation_amt_mm",
          "reanalysis_air_temp_k",
          "reanalysis_avg_temp_k",
          "reanalysis_dew_point_temp_k",
          "reanalysis_max_air_temp_k",
          "reanalysis_min_air_temp_k",
          "reanalysis_precip_amt_kg_per_m2",
          "reanalysis_relative_humidity_percent",
          "reanalysis_sat_precip_amt_mm",
          "reanalysis_specific_humidity_g_per_kg",
          "reanalysis_tdtr_k",
          "station_avg_temp_c",
          "station_diur_temp_rng_c",
          "station_max_temp_c",
          "station_min_temp_c",
          "station_precip_mm",
          "total_cases"
         ],
         "z": [
          [
           1,
           -0.07164904410693664,
           0.21173861240440214,
           0.1424796288789067,
           0.2329358147133237,
           0.27655307999243667,
           0.20422836952546192,
           -0.1394795465693204,
           0.08474573199550503,
           0.13198005774276494,
           0.47789124679160866,
           -0.39046813914335243,
           0.13170541714384063,
           0.3345876497675136,
           0.20422836952546192,
           0.16114280788042912,
           0.48730997427112405,
           0.049702929769074373,
           0.3614435417473304,
           0.22686637135931734,
           -0.21329989789990297,
           0.21477985348974205,
           -0.3068055268942123
          ],
          [
           -0.07164904410693664,
           1,
           0.04871930290204928,
           0.046130577353718116,
           0.11792069603448212,
           0.06504879246301638,
           0.1170070362129801,
           0.42133238865398015,
           0.4588834302329954,
           0.34531193493838636,
           0.23545817863539759,
           0.17783927428529842,
           0.07210945653622583,
           -0.015089479721079335,
           0.1170070362129801,
           0.3471803154088312,
           0.07690606353974917,
           0.36130049198275943,
           0.022136817769397597,
           0.22980567350046913,
           0.2889218093446743,
           0.06491096797539565,
           0.21645191306892947
          ],
          [
           0.21173861240440214,
           0.04871930290204928,
           1,
           0.8126897939160692,
           0.5894743694628642,
           0.648908729639449,
           0.1942310888580897,
           -0.3224228002868024,
           -0.03443605593426534,
           0.05336646231597053,
           0.6136029172067093,
           -0.6020047823989861,
           0.19201493875958647,
           0.44681716511937686,
           0.1942310888580897,
           0.08976557138245864,
           0.6563522594848807,
           0.17333283449939813,
           0.615557162490667,
           0.4581377337247681,
           -0.29677159314003043,
           0.23120743027219448,
           -0.16489915134983307
          ],
          [
           0.1424796288789067,
           0.046130577353718116,
           0.8126897939160692,
           1,
           0.5522050490467865,
           0.6481095084694777,
           0.18944193451186175,
           -0.3133805828711456,
           -0.030633097375951206,
           0.06187390291005248,
           0.6020852209015591,
           -0.5834298776689266,
           0.18954015084370754,
           0.4454854004052815,
           0.18944193451186175,
           0.09877127593754555,
           0.6407638957861675,
           0.2006632704833783,
           0.6249291904754352,
           0.4826363911627271,
           -0.2980873406810129,
           0.21482975365678053,
           -0.14266544401264677
          ],
          [
           0.2329358147133237,
           0.11792069603448212,
           0.5894743694628642,
           0.5522050490467865,
           1,
           0.8209531986158639,
           0.07502273023578376,
           -0.15713692776281826,
           0.05116997490094587,
           0.002409963673180102,
           0.4673257578117503,
           -0.407274439417743,
           0.0352311652044793,
           0.2152648851685953,
           0.07502273023578376,
           0.028437213324349876,
           0.4851223040972147,
           0.08992481912808406,
           0.4338086431639476,
           0.2891621072005646,
           -0.2502460143242029,
           0.1276718325024742,
           -0.12469792492584865
          ],
          [
           0.27655307999243667,
           0.06504879246301638,
           0.648908729639449,
           0.6481095084694777,
           0.8209531986158639,
           1,
           0.12461080266991868,
           -0.22723424792692337,
           0.022369395527889507,
           0.019857255293842503,
           0.5459817054755093,
           -0.4936750901913437,
           0.10236778399375912,
           0.3113803082918225,
           0.12461080266991868,
           0.052644274325396354,
           0.5692106637057365,
           0.12110348144538423,
           0.5260875017858861,
           0.3742188915767597,
           -0.2926444339681902,
           0.15561889606355633,
           -0.14734934524110138
          ],
          [
           0.20422836952546192,
           0.1170070362129801,
           0.1942310888580897,
           0.18944193451186175,
           0.07502273023578376,
           0.12461080266991868,
           1,
           -0.01691600117676714,
           0.10655212685524378,
           0.4340842635835766,
           0.28298350861432425,
           -0.11990792030767913,
           0.481310779363534,
           0.5000663897943438,
           1,
           0.4505794060694872,
           0.20198633291148788,
           0.22391247092343183,
           0.1902396073991316,
           0.29489056304647504,
           0.07669128613400814,
           0.48334895466790145,
           -0.038901998429870854
          ],
          [
           -0.1394795465693204,
           0.42133238865398015,
           -0.3224228002868024,
           -0.3133805828711456,
           -0.15713692776281826,
           -0.22723424792692337,
           -0.01691600117676714,
           1,
           0.9017502985155746,
           0.5295741098673888,
           -0.0011216717627703919,
           0.7366190392999723,
           -0.12809613335221565,
           -0.4021697455646502,
           -0.01691600117676714,
           0.508230305074219,
           -0.27989231079889837,
           0.6058430318060496,
           -0.24954253033987714,
           0.22491900383558006,
           0.7190711808343829,
           -0.17240677106225963,
           0.26454589751946755
          ],
          [
           0.08474573199550503,
           0.4588834302329954,
           -0.03443605593426534,
           -0.030633097375951206,
           0.05116997490094587,
           0.022369395527889507,
           0.10655212685524378,
           0.9017502985155746,
           1,
           0.6142115117843008,
           0.3979720300612858,
           0.4366975629421485,
           -0.031820847105187275,
           -0.16842093179543907,
           0.10655212685524378,
           0.612452585033757,
           0.12385677196456903,
           0.7393500111524376,
           0.10893441091890549,
           0.5088397618546875,
           0.5796683413546724,
           -0.048911585189134923,
           0.15143511445731903
          ],
          [
           0.13198005774276494,
           0.34531193493838636,
           0.05336646231597053,
           0.06187390291005248,
           0.002409963673180102,
           0.019857255293842503,
           0.4340842635835766,
           0.5295741098673888,
           0.6142115117843008,
           1,
           0.2566690872433641,
           0.36198731635848547,
           0.4322125980698184,
           0.5530490891992305,
           0.4340842635835766,
           0.9970477020576075,
           -0.03448845314341171,
           0.7315899577976702,
           0.03751268825213773,
           0.4909208156263953,
           0.650730982784706,
           0.23946904782758474,
           0.14239678884663848
          ],
          [
           0.47789124679160866,
           0.23545817863539759,
           0.6136029172067093,
           0.6020852209015591,
           0.4673257578117503,
           0.5459817054755093,
           0.28298350861432425,
           -0.0011216717627703919,
           0.3979720300612858,
           0.2566690872433641,
           1,
           -0.6009778618902734,
           0.19278373426463205,
           0.40042866957455214,
           0.28298350861432425,
           0.29964179498545684,
           0.9184686080438824,
           0.46553085165483893,
           0.8118034213296842,
           0.7611877205378936,
           -0.1934793547337707,
           0.2454562628196942,
           -0.19113117718488953
          ],
          [
           -0.39046813914335243,
           0.17783927428529842,
           -0.6020047823989861,
           -0.5834298776689266,
           -0.407274439417743,
           -0.4936750901913437,
           -0.11990792030767913,
           0.7366190392999723,
           0.4366975629421485,
           0.36198731635848547,
           -0.6009778618902734,
           1,
           -0.10615246119336352,
           -0.41090404664584806,
           -0.11990792030767913,
           0.3187848953247622,
           -0.815223648253301,
           0.20483385858733047,
           -0.6828741522170105,
           -0.2703015685599067,
           0.7200845855937623,
           -0.23320800657950014,
           0.3248147538080821
          ],
          [
           0.13170541714384063,
           0.07210945653622583,
           0.19201493875958647,
           0.18954015084370754,
           0.0352311652044793,
           0.10236778399375912,
           0.481310779363534,
           -0.12809613335221565,
           -0.031820847105187275,
           0.4322125980698184,
           0.19278373426463205,
           -0.10615246119336352,
           1,
           0.5941407154164703,
           0.481310779363534,
           0.45204434389782844,
           0.09509092332939435,
           0.14725089680248749,
           0.1370843561767927,
           0.19542726339840125,
           0.05669082261211721,
           0.34758229678747843,
           -0.010136690663540653
          ],
          [
           0.3345876497675136,
           -0.015089479721079335,
           0.44681716511937686,
           0.4454854004052815,
           0.2152648851685953,
           0.3113803082918225,
           0.5000663897943438,
           -0.4021697455646502,
           -0.16842093179543907,
           0.5530490891992305,
           0.40042866957455214,
           -0.41090404664584806,
           0.5941407154164703,
           1,
           0.5000663897943438,
           0.5771875462050069,
           0.36056148733095494,
           0.24073463196564696,
           0.39072048938014536,
           0.39422006065093373,
           -0.04230778260994278,
           0.44557186315919894,
           -0.13233612751535073
          ],
          [
           0.20422836952546192,
           0.1170070362129801,
           0.1942310888580897,
           0.18944193451186175,
           0.07502273023578376,
           0.12461080266991868,
           1,
           -0.01691600117676714,
           0.10655212685524378,
           0.4340842635835766,
           0.28298350861432425,
           -0.11990792030767913,
           0.481310779363534,
           0.5000663897943438,
           1,
           0.4505794060694872,
           0.20198633291148788,
           0.22391247092343183,
           0.1902396073991316,
           0.29489056304647504,
           0.07669128613400814,
           0.48334895466790145,
           -0.038901998429870854
          ],
          [
           0.16114280788042912,
           0.3471803154088312,
           0.08976557138245864,
           0.09877127593754555,
           0.028437213324349876,
           0.052644274325396354,
           0.4505794060694872,
           0.508230305074219,
           0.612452585033757,
           0.9970477020576075,
           0.29964179498545684,
           0.3187848953247622,
           0.45204434389782844,
           0.5771875462050069,
           0.4505794060694872,
           1,
           0.012055699912299501,
           0.7365459151368952,
           0.07957031965120913,
           0.5178926693240188,
           0.62225684280694,
           0.25369902177772946,
           0.12974080321240478
          ],
          [
           0.48730997427112405,
           0.07690606353974917,
           0.6563522594848807,
           0.6407638957861675,
           0.4851223040972147,
           0.5692106637057365,
           0.20198633291148788,
           -0.27989231079889837,
           0.12385677196456903,
           -0.03448845314341171,
           0.9184686080438824,
           -0.815223648253301,
           0.09509092332939435,
           0.36056148733095494,
           0.20198633291148788,
           0.012055699912299501,
           1,
           0.21559911500910273,
           0.8455596067204505,
           0.6088614499167289,
           -0.4511730184427109,
           0.22667204584548487,
           -0.27799749175565747
          ],
          [
           0.049702929769074373,
           0.36130049198275943,
           0.17333283449939813,
           0.2006632704833783,
           0.08992481912808406,
           0.12110348144538423,
           0.22391247092343183,
           0.6058430318060496,
           0.7393500111524376,
           0.7315899577976702,
           0.46553085165483893,
           0.20483385858733047,
           0.14725089680248749,
           0.24073463196564696,
           0.22391247092343183,
           0.7365459151368952,
           0.21559911500910273,
           1,
           0.3012800268545557,
           0.7627978460418603,
           0.616927734769985,
           0.06090516298544661,
           0.114268014521432
          ],
          [
           0.3614435417473304,
           0.022136817769397597,
           0.615557162490667,
           0.6249291904754352,
           0.4338086431639476,
           0.5260875017858861,
           0.1902396073991316,
           -0.24954253033987714,
           0.10893441091890549,
           0.03751268825213773,
           0.8118034213296842,
           -0.6828741522170105,
           0.1370843561767927,
           0.39072048938014536,
           0.1902396073991316,
           0.07957031965120913,
           0.8455596067204505,
           0.3012800268545557,
           1,
           0.7079223188722377,
           -0.42333216734271273,
           0.17183738625168005,
           -0.23377814799442315
          ],
          [
           0.22686637135931734,
           0.22980567350046913,
           0.4581377337247681,
           0.4826363911627271,
           0.2891621072005646,
           0.3742188915767597,
           0.29489056304647504,
           0.22491900383558006,
           0.5088397618546875,
           0.4909208156263953,
           0.7611877205378936,
           -0.2703015685599067,
           0.19542726339840125,
           0.39422006065093373,
           0.29489056304647504,
           0.5178926693240188,
           0.6088614499167289,
           0.7627978460418603,
           0.7079223188722377,
           1,
           0.13869876197221764,
           0.16148606762473905,
           -0.03931718255435558
          ],
          [
           -0.21329989789990297,
           0.2889218093446743,
           -0.29677159314003043,
           -0.2980873406810129,
           -0.2502460143242029,
           -0.2926444339681902,
           0.07669128613400814,
           0.7190711808343829,
           0.5796683413546724,
           0.650730982784706,
           -0.1934793547337707,
           0.7200845855937623,
           0.05669082261211721,
           -0.04230778260994278,
           0.07669128613400814,
           0.62225684280694,
           -0.4511730184427109,
           0.616927734769985,
           -0.42333216734271273,
           0.13869876197221764,
           1,
           -0.048413280867922195,
           0.26626466588519493
          ],
          [
           0.21477985348974205,
           0.06491096797539565,
           0.23120743027219448,
           0.21482975365678053,
           0.1276718325024742,
           0.15561889606355633,
           0.48334895466790145,
           -0.17240677106225963,
           -0.048911585189134923,
           0.23946904782758474,
           0.2454562628196942,
           -0.23320800657950014,
           0.34758229678747843,
           0.44557186315919894,
           0.48334895466790145,
           0.25369902177772946,
           0.22667204584548487,
           0.06090516298544661,
           0.17183738625168005,
           0.16148606762473905,
           -0.048413280867922195,
           1,
           -0.07315903246510634
          ],
          [
           -0.3068055268942123,
           0.21645191306892947,
           -0.16489915134983307,
           -0.14266544401264677,
